test_1\0_cosmos_173.jpg	0.0	0.0	0.0	0.0
test_1\0_cosmos_1931.jpg	0.0	1.3796265	1.3796265	0.9197510083516439
test_1\0_cosmos_2037.jpg	0.5143234	0.5143234	0.0	0.34288227558135986
test_1\0_cosmos_2246.jpg	1.2565601	1.2565601	0.64245266	1.0518576105435689
test_1\0_cosmos_3280.jpg	0.0	0.0	0.0	0.0
test_1\0_cosmos_3338.jpg	0.0	0.0	0.0	0.0
test_1\0_cosmos_371.jpg	0.8395845	0.8395845	0.59176964	0.7569795648256937
test_1\0_cosmos_3901.jpg	0.0	0.0	0.0	0.0
test_1\0_cosmos_4116.jpg	0.0	0.0	0.0	0.0
test_1\0_cosmos_4188.jpg	0.0	0.0	0.0	0.0
test_1\0_cosmos_4200.jpg	0.5150067	0.5150067	0.0	0.34333781401316327
test_1\0_cosmos_490.jpg	0.0	20.721645	0.0	6.907215118408203
test_1\0_cosmos_538.jpg	1.5932152	1.5932152	0.0	1.0621434847513835
test_1\0_cosmos_600.jpg	0.0	0.0	0.0	0.0
test_1\0_cosmos_610.jpg	2.9292417	2.9292417	0.0	1.95282777150472
test_1\0_cosmos_842.jpg	0.0	1.4374018	1.4374018	0.9582678476969401
test_1\0_cosmos_844.jpg	0.34190342	0.34190342	28.433126	9.705644428730011
test_1\0_cosmos_938.jpg	0.0	0.0	0.0	0.0
test_1\1_cosmos_11393.jpg	0.0	0.0	0.0	0.0
test_1\1_cosmos_11453.jpg	0.19065858	1.8041528	1.7945472	1.2631195435921352
test_1\1_cosmos_11455.jpg	0.0	0.0	0.0	0.0
test_1\1_cosmos_11561.jpg	0.0	34.099392	34.607437	22.902276357014973
test_1\1_cosmos_11596.jpg	0.0	0.3027195	17.478756	5.927158484856288
test_1\1_cosmos_11618.jpg	0.0	0.0	0.0	0.0
test_1\1_cosmos_11674.jpg	0.0	0.0	0.0	0.0
test_1\1_cosmos_11686.jpg	0.6535669	0.6535669	17.638927	6.315353751182556
test_1\1_cosmos_11893.jpg	13.705623	13.705623	13.705623	13.705622673034668
test_1\1_cosmos_12034.jpg	0.0	0.0	0.0	0.0
test_1\1_cosmos_12066.jpg	4.4658465	4.4658465	0.0	2.977231025695801
test_1\1_cosmos_12121.jpg	1.2232141	1.2232141	0.0	0.8154760996500651
test_1\1_cosmos_12302.jpg	16.424452	16.424452	2.034393	11.627765576044718
test_1\1_cosmos_12542.jpg	0.0	11.341647	11.341647	7.561098098754883
test_1\1_cosmos_12652.jpg	16.001312	16.07103	0.0	10.690780639648438
test_1\1_cosmos_12678.jpg	2.0767794	8.597039	8.262423	6.312080383300781
test_1\1_cosmos_12704.jpg	0.0	4.346967	4.346967	2.897978146870931
test_1\1_cosmos_12907.jpg	0.0	0.0	0.0	0.0
test_1\2_cosmos_15173.jpg	0.0	0.0	0.0	0.0
test_1\2_cosmos_15182.jpg	0.0	0.0	0.0	0.0
test_1\2_cosmos_15188.jpg	17.092382	17.092382	2.2486744	12.144479751586914
test_1\2_cosmos_15310.jpg	0.0	0.0	0.0	0.0
test_1\2_cosmos_15325.jpg	27.172514	27.172838	0.14108731	18.162146493792534
test_1\2_cosmos_15346.jpg	2.5225437	2.5225437	26.693436	10.57950766881307
test_1\2_cosmos_15507.jpg	0.0	0.0	20.223022	6.741007486979167
test_1\2_cosmos_15544.jpg	1.9824928	1.9824928	0.0	1.3216618696848552
test_1\2_cosmos_15588.jpg	0.0	0.0	0.0	0.0
test_1\2_cosmos_15780.jpg	0.0	0.0	0.0	0.0
test_1\2_cosmos_15980.jpg	0.0	0.0	0.0	0.0
test_1\2_cosmos_16047.jpg	0.0	1.9126408	1.9126408	1.2750938733418782
test_1\2_cosmos_16188.jpg	0.8116738	0.8116738	0.0	0.5411158800125122
test_1\2_cosmos_16206.jpg	0.0	0.0	0.0	0.0
test_1\2_cosmos_16255.jpg	2.3579502	3.2860286	2.2732222	2.639067014058431
test_1\2_cosmos_16403.jpg	0.0	0.0	0.0	0.0
test_1\2_cosmos_16409.jpg	0.0	3.5837107	3.5837107	2.3891404469807944
test_1\2_cosmos_16417.jpg	12.922851	13.228602	13.228602	13.12668514251709
test_1\2_cosmos_16419.jpg	0.0	2.0346062	2.0346062	1.356404145558675
test_1\2_cosmos_16520.jpg	0.0	0.0	0.0	0.0
test_1\2_cosmos_16594.jpg	0.0	0.0	0.0	0.0
test_1\2_cosmos_16627.jpg	0.0	0.60371226	0.60371226	0.402474840482076
test_1\2_cosmos_16815.jpg	0.0	0.0	0.0	0.0
test_1\2_cosmos_16982.jpg	16.358467	0.0	0.0	5.452822367350261
